10 | 11000 | 1111000 | 1110 | 100011 | 1100111
1110110 | 100100 | 11011 | 111 | 100011 | 1000
1111 | 1110 | 10 | 1100001
110000 | 101101 | 110111
1110001 | 100011 | 10111
1100100 | 11100 | 1000 | 1100110 | 1100011
110001 | 1111010 | 110111 | 100 | 1011 | 1100011
10 | 11001 | 100101 | 10001 | 1010110
1110001 | 110110 | 1100011
100111 | 1111111 | 1010001
1010110 | 111001 | 10001 | 1100
111110 | 100110 | 1101110 | 110001
1101111 | 1111001 | 1001 | 1100 | 1010000
1100100 | 1100000 | 1110011 | 100110 | 100100
11000 | 110100 | 1101101 | 100011 | 1100111 | 101011
10 | 1000 | 1111011 | 1101010
1111 | 1111110
10 | 10011 | 11101 | 1010011 | 101001
10101 | 100100 | 110 | 1010001 | 1100011
1100100 | 11110 | 11000 | 1010 | 1111110
1111010 | 1101011 | 1110010 | 111111 | 1110
1110010 | 1100110 | 1010010 | 101101
1110010 | 111 | 1101000
101011 | 1011 | 1001
110100 | 1101100
111110 | 100
1111100 | 1101111
1111 | 11110 | 111001 | 100101 | 1100011
100 | 1111001 | 1101110 | 110 | 10111
111111 | 11110
1110100 | 11001 | 11110 | 1011 | 1000
110101 | 1001 | 1101001 | 101110 | 101000 | 1100011
110010 | 110101 | 110 | 1100011 | 1010 | 10111
1111011 | 10011 | 1111101 | 110100 | 101101
1111111 | 111101 | 1010
111100 | 11101 | 10100 | 1001
110001 | 1111001 | 111101 | 1001 | 1010010 | 10110
1100100 | 1111011 | 1100110 | 1011 | 1100
10 | 1111001 | 11010 | 10001 | 110011
10000 | 10001 | 101101 | 1111111 | 101000 | 1000