96.227 73.281 7.049 -99.294 -81.008 -34.567 -18.046 -35.262 93.503 97.175 65.147 26.476 76.550 68.449 -4.475 -54.800 31.079 61.902 37.309
-0.918 -4.187 19.847 -95.966 8.306 43.541 28.812 3.770 -53.898 -7.543 62.811 -88.024 -5.729 55.300
60.773 69.011 39.316 45.573 -75.174 21.970 65.392 23.853 -28.088 68.563 95.952 15.074 28.972 46.461 -75.862 80.021
-18.548 -51.150 8.249 20.862 71.845 2.452 73.604 -10.135 70.029 -15.654 -36.917 -26.191 -50.389 30.878 -1.915 -30.727 13.088 -80.879 -84.196
4.031 60.160 -63.065 -38.082 52.974 0.325 62.105 17.457 -27.417 16.319
-69.155 14.500 -10.427 -67.812 -99.541 16.941 -81.188 -50.046 16.004 77.674 15.389 88.736 -93.617 32.594
58.484 83.440 39.582 74.042 91.326 42.303 -74.423 81.647 96.452 77.457 33.773 -34.823 -73.266 -37.734 77.140 -22.268 90.756
-6.696 -73.063 88.701 -17.678 -74.589 -82.166 85.468 10.980 94.215 53.385 66.597 -79.020 59.095 -3.472 27.072
-19.832 -74.938 -33.346 -12.428 93.994 25.707 67.522 -68.822 83.707 -69.605 -72.537 -54.738 26.928 34.559 66.339 53.061 94.480 68.215 46.389
60.595 91.984 92.700 33.796 73.047 66.059 -12.424 91.730 36.250 -27.766 94.141 41.360 64.868 51.899
29.174 88.734 43.282 88.261 69.582 49.712 -65.577 82.841 -72.050 -85.722 73.904 92.262 72.142 -99.020 -79.037
-66.122 -88.480 -39.762 -71.560 -70.246 80.750 -6.007 -89.811 0.897 -26.296 47.285 -98.248 -47.448 47.893 -49.949 4.554 -20.499 -61.448 -19.390 -82.099
97.669 29.956 -59.371 39.501 -51.292 -98.209 85.520 -93.465 -31.097 -31.345 12.379 86.190 -64.464 -93.962 85.928 -59.047 -11.475 -96.055 -31.704 90.178
80.756 86.598 12.320 -89.322 3.539 91.576 -77.895 -34.025 26.489 -73.239 -72.222
9.144 -39.362 -76.815 -61.816 -47.401 67.587 -4.878 -43.596 99.204 22.809 10.637 10.724 -70.710 16.188
32.571 21.689 -66.315 14.846 35.030 91.967 96.180 -78.827 -30.052 56.785 -28.840 57.317 -26.887 -98.683
-71.108 18.752 -7.477 17.558 -25.003 -8.326 10.712 -65.101 99.469 43.332 8.651 -54.195 -0.848 -30.556 84.503 -86.410 -36.376 -46.049 -50.016
-97.880 -10.709 25.791 75.018 -6.907 -51.494 5.671 -71.997 37.025 19.147 -58.194 -55.561 -23.378 -4.705 -40.580 -44.757 -47.259
72.616 31.602 5.336 -57.885 -40.358 -72.059 55.111 -24.256 -56.736 -78.246 -29.773 -56.009 7.307 98.261 71.624 16.170 -22.964 34.698 -93.163 10.172
-52.757 -65.639 51.595 66.658 -83.284 70.537 -17.277 12.259 19.855 -42.011 -40.389